524.579
597.312
514.354
504.457
583.663
598.903
528.67
525.387
519.098
598.666
582.723
586.202
513.546
545.668
585.213
558.118
552.422
584.942
532.945
563.332
557.04
541.828
557.641
509.312
530.674
577.76
591.956
514.458
578.452
542.771
586.924
582.075
556.141
539.846
516.297
578.853
527.537
563.389
551.882
567.67
532.539
589.65
597.617
548.579
506.667
584.171
504.974
544.62
503.8
586.6
586.414
574.012
508.96
517.525
526.416
503.557
583.488
530.867
599.544
560.775
501.65
542.08
586.442
581.192
533.241
559.781
564.232
553.926
504.226
534.975
542.075
526.574
564.055
522.868
517.039
537.729
522.35
521.307
528.575
516.782
550.142
554.725
569.884
564.546
524.072
566.537
562.799
536.175
553.112
532.135
537.783
546.822
596.656
512.097
507.275
567.656
504.677
588.92
534.918
557.762
545.037
511.643
508.063
548.745
584.805
525.638
571.716
582.606
546.8
552.318
514.402
586.795
548.822
589.373
598.246
577.241
545.519
576.002
584.735
545.079
556.135
559.655
590.225
523.624
530.848
517.554
544.612
549.267
580.756
545.115
548.935
517.654
565.26
519.226
551.281
523.156
550.383
589.345
508.864
506.22
589.004
587.653
528.687
557.07
570.265
506.725
520.128
550.646
597.476
518.228
561.609
556.914
532.289
578.736
530.665
539.285
543.587
557.123
570.957
553.536
562.507
599.423
594.545
565.683
595.83
567.772
518.807
567.237
570.539
599.723
546.586
595.805
573.497
581.787
576.767
536.833
526.888
584.41
547.614
579.427
561.116
588.438
590.165
501.784
599.409
524.157
590.264
584.124
578.288
545.11
557.568
571.031
545.258
563.754
574.531
598.5
525.6
545.885
529.972
548.074
522.595
516.552
568.487
541.097
595.19
520.841
502.642
558.62
510.516
564.959
576.886
571.241
521.609
519.364
509.974
597.951
507.121
592.774
539.68
536.181
548.332
527.87
557.406
573.041
575.433
585.934
535.919
552.263
513.086
536.243
505.597
563.695
540.561
538.457
502.119
536.084
553.535
576.76
513.591
559.738
500.502
598.345
531.706
558.574
513.165
570.506
573.704
565.021
508.093
544.431
580.09
552.059
536.012
503.794
569.818
559.479
505.294
502.421
583.99
540.469
531.62
599.287
557.075
569.833
569.985
569.305
571.396
542.067
596.494
503.941
555.17
588.675
509.566
583.503
542.144
526.4
504.388
586.192
523.558
594.557
566.159
542.912
584.391
585.827
590.477
548.24
500.793
564.525
589.21
520.64
582.957
503.878
552.273
554.492
514.101
583.018
596.19
599.054
576.319
563.133
506.83
512.153
555.752
517.332
512.658
587.326
534.249
558.281
511.109
504.506
572.056
564.382
526.134
581.494
598.417
512.933
578.356
596.939
563.308
583.689
565.525
511.654
547.41
581.012
546.295
548.099
549.62
523.495
563.003
586.752
552.209
589.416
536.75
551.572
551.587
586.443
576.984
588.184
576.648
562.636
566.334
522.308
520.404
525.264
559.872
529.602
592.562
515.328
508.221
531.687
509.272
582.79
597.531
599.63
578.395
532.684
571.565
584.664
508.985
571.439
595.744
535.474
557.809
522.14
599.757
565.807
541.258
574.882
555.347
557.867
587.641
595.998
542.719
527.883
585.434
593.396
512.262
536.608
544.687
506.243
539.877
556.499
578.745
564.779
531.018
569.713
577.076
568.041
563.256
515.366
599.555
510.937
528.833
519.302
526.155
564.758
525.845
505.909
542.04
593.196
514.496
554.724
527.251
570.05
546.031
535.846
522.949
536.372
576.618
582.658
506.107
509.927
581.479
595.661
564.322
537.629
555.033
593.83
593.82
502.614
535.707
531.72
554.461
589.74
523.255
599.309
521.614
556.983
500.315
582.981
519.812
545.05
549.014
552.225
552.622
533.034
524.65
532.044
561.385
585.043
515.277
592.452
546.525
567.519
591.606
501.054
542.052
567.94
595.361
516.955
528.838
591.677
501.243
566.529
575.375
539.84
586.099
503.045
591.731
574.463
515.865
586.952
593.038
518.534
504.154
595.508
591.954
502.383
568.104
548.27
599.873
543.325
527.09
555.439
542.104
583.684
516.693
533.764
571.584
578.372
534.842
539.064
587.595
508.971
563.642
522.099
573.185
570.354
545.656
547.473
595.176
566.708
556.751
579.993
514.362
541.87
558.327
564.067
560.14
527.051
561.226
573.116
542.344
599.87
536.466
507.802
573.295
566.814
569.683
545.817
507.563
544.33
507.231
524.767
581.416
549.569
593.581
503.499
513.258
565.803
529.736
531.12
550.489
505.67
591.951
532.418
535.19
541.134
566.496
597.35
581.315
533.048
503.262
538.659
524.477
598.891
518.934
569.631
547.395
510.014
548.789
566.918
595.56
541.193
540.865
509.882
509.947
572.296
561.892
568.181
536.22
532.431
539.52
566.168
509.991
560.044
548.895
531.632
525.75
580.057
586.038
571.922
579.571
513.374
543.517
583.289
580.782
568.807
579.094
546.515
565.03
597.627
584.187
509.809
543.39
549.746
515.314
535.85
546.29
555.862
516.733
516.931
517.723
561.657
598.496
563.61
518.182
515.774
529.94
581.748
521.543
502.251
532.785
585.318
509.883
596.543
563.917
583.882
533.035
526.178
525.265
585.24
544.528
522.825
505.849
500.971
582.462
569.96
528.745
502.949
559.735
575.585
519.842
510.177
580.162
553.267
523.309
513.93
523.608
559.478
570.991
543.77
548.524
583.15
550.962
521.491
546.24
585.294
564.133
541.003
546.963
579.812
541.98
530.535
553.599
515.3
568.482
561.359
512.28
543.128
575.506
560.198
587.79
530.906
530.014
590.394
519.632
506.705
551.788
551.746
536.125
520.522
505.976
542.137
581.805
591.631
579.226
552.083
573.899
571.688
504.53
589.805
597.228
527.005
553.155
536.368
597.842
581.967
516.309
540.347
532.821
541.263
517.778
504.822
510.544
532.685
538.681
584.423
510.347
599.144
508.271
506.339
567.976
509.328
559.861
518.726
507.112
510.412
582.181
548.03
538.782
564.238
592.215
505.614
563.752
524.431
554.968
596.45
563.185
579.127
566.581
549.452
525.234
544.269
531.355
574.674
559.706
593.796
566.364
592.251
507.95
501.278
559.505
562.672
510.695
511.803
542.125
572.231
541.191
571.865
528.163
539.097
566.195
505.054
596.412
531.59
537.838
513.27
567.62
513.1
538.887
501.462
525.982
543.745
580.989
579.439
584.056
585.909
576.301
571.359
573.899
545.719
590.646
570.348
510.216
599.975
558.436
572.909
540.47
540.083
595.24
559.861
504.247
555.407
598.668
511.228
581.25
543.672
520.819
548.894
520.437
581.78
523.939
513.755
580.613
538.307
515.491
515.955
522.62
535.366
517.78
529.803
592.661
592.837
586.945
591.869
547.29
592.142
597.391
579.625
525.683
526.879
507.245
589.821
545.934
549.013
513.225
509.96
538.967
517.838
523.33
575.37
510.901
585.798
591.641
547.57
547.154
590.386
597.182
537.604
552.357
562.741
582.247
518.375
513.746
528.162
518.675
508.649
512.339
509.124
536.093
516.091
549.571
576.143
598.478
579.696
537.143
594.027
514.73
562.684
534.281
525.694
597.223
547.436
555.294
573.78
543.686
545.24
523.497
527.604
523.517
559.247
559.575
554.073
528.786
571.28
514.821
562.625
563.368
572.966
576.282
579.923
525.884
570.441
574.497
534.686
501.838
531.076
508.396
568.389
500.276
595.454
585.108
538.93
536.682
550.492
569.747
555.365
543.503
528.46
574.31
565.147
594.466
571.384
537.283
567.413
506.419
507.524
593.431
591.412
570.51
561.449
576.631
515.194
582.562
587.425
565.789
548.512
523.371
508.787
581.493
573.693
583.551
539.844
589.03
528.329
589.982
591.176
584.094
511.658
519.035
563.619
529.016
558.935
549.614
562.729
567.998
536.89
552.18
556.396
506.104
522.918
525.786
586.85
590.333
520.65
508.362
593.91
554.627
543.881
595.497
561.336
568.04
563.697
535.561
562.047
551.382
506.124
507.719
528.137
547.64
513.148
574.936
531.981
588.281
574.873
540.828
566.305
589.388
592.015
504.068
526.234
598.962
524.819
508.359
532.248
525.29
586.227
543.078
549.255
564.923
573.315
561.918
517.871
510.112
567.363
546.699
590.516
598.606
573.112
588.597
580.562
519.131
557.839
552.881
580.381
504.561
503.543
554.139
506.642
592.567
554.534
597.376
593.608
540.391
587.492
584.292
577.033
527.643
564.816
552.009
501.516
559.315
578.452
530.298
529.691
571.641
576.83
531.617
509.672
504.79
558.725
541.039
526.973
546.735
521.132
536.966
599.032
523.232
543.193
598.957
508.346
517.72
593.34
526.533
530.68
566.107
589.27
552.243
552.834
