515.43
564.188
524.639
543.387
577.595
557.24
559.938
519.08
599.373
550.811
504.449
553.807
539.031
535.337
505.425
553.987
552.005
547.814
533.476
557.015
524.033
539.51
512.262
557.324
577.796
551.738
585.143
546.962
547.12
553.313
568.483
539.715
546.064
543.253
593.44
559.093
550.155
519.383
505.473
557.839
572.702
559.336
537.709
566.534
508.573
541.875
521.382
555.584
523.587
551.03
593.937
559.873
546.061
555.691
583.443
555.044
534.023
543.922
537.656
543.7
562.267
537.504
583.674
538.699
592.197
545.254
570.322
553.332
539.523
540.21
590.264
556.058
574.755
550.807
530.619
542.066
556.63
530.282
557.239
538.158
552.242
568.876
594.949
568.16
552.789
533.791
540.361
571.677
533.123
547.523
542.096
549.27
503.189
550.362
545.731
555.362
566.55
550.131
583.163
553.084
547.835
547.593
579.701
543.691
540.69
560.556
585.884
550.41
534.188
549.69
566.044
541.332
583.337
549.028
591.427
557.074
580.761
540.189
575.168
543.768
589.209
551.001
581.66
540.13
568.841
540.625
521.477
554.914
555.322
552.87
516.943
544.824
570.753
545.854
583.636
541.299
512.734
566.356
565.776
538.162
509.433
553.798
536.897
530.405
558.825
546.677
539.388
556.598
549
530.126
534.769
550.538
506.389
564.047
586.594
566.24
515.752
538.775
530.124
551.692
574.655
530.045
553.625
554.962
538.378
565.065
500.615
528.617
596.066
554.807
505.814
567.456
532.264
555.711
538.749
541.384
519.559
548.514
560.032
556.258
528.331
548.857
561.564
555.729
593.445
530.771
540.947
538.056
567.405
563.764
557.898
554.188
574.778
548.873
547.64
547.74
526.603
558.777
590.905
540.645
582.992
547.473
574.974
545.765
586.102
545.674
569.518
549.866
540.433
565.134
519.103
560.284
566.276
545.71
523.103
545.235
525.837
567.532
562.886
562.527
584.458
542.152
549.382
558.373
505.584
545.503
522.37
537.783
566.615
547.665
523.298
543.546
520.082
546.328
561.612
555.197
507.836
554.199
580.825
548.337
581.867
534.634
550.177
552.478
516.757
541.488
518.104
569.9
508.687
554.256
503.033
553.345
545.522
542.977
512.825
554.351
531.957
552.194
533.434
567.006
516.034
561.254
559.276
554.792
547.656
567.951
583.781
557.492
558.374
543.936
569.626
545.126
507.881
546.005
568.905
545.475
561.208
537.672
502.397
543.364
528.312
555.245
523.043
556.07
508.356
546.793
577.529
550.808
564.349
545.448
573.669
560.458
548.282
545.2
585.972
535.632
555.143
553.256
522.312
548.206
557.819
556.543
593.939
552.277
509.741
544.521
586.977
537.004
538.1
554.204
593.023
537.335
569.83
540.05
552.314
568.557
536.308
544.364
518.25
555.305
503.96
549.375
521.767
559.544
530.999
556.776
574.229
536.812
534.189
544.976
552.546
548.124
538.479
551.773
565.876
556.769
510.885
535.386
523.556
535.416
542.496
533.61
529.2
550.318
552.377
548.176
539.214
565.599
569.14
535.992
527.736
544.64
524.461
552.353
552.142
550.953
554.993
549.137
541.493
546.974
593.872
545.806
576.985
540.545
595.475
533.672
572.388
557.161
578.91
543.639
582.263
537.657
537.991
557.894
558.502
559.957
581.548
559.977
556.268
559.011
556.383
551.639
580.132
535.106
583.181
564.052
501.823
551.563
506.015
538.583
508.454
555.017
517.311
548.647
575.336
550.336
578.2
540.349
592.75
559.802
533.496
555.238
531.455
559.745
532.923
530.449
502.19
560.142
592.529
541.884
538.213
552.054
582.311
565.522
541.997
540.297
580.177
553.904
526.62
532.872
559.793
561.452
569.548
549.596
595.434
544.71
500.956
551.178
566.791
547.912
533.165
558.554
556.331
546.383
577.02
538.607
515.513
564.852
550.551
560.553
517.228
551.134
501.262
557.805
554.261
558.857
502.023
534.091
566.625
542.772
559.551
531.86
597.533
550.062
579.787
536.49
519.886
555.83
548.19
550.446
558.602
553.327
597.086
545.647
532.675
554.201
599.784
539.156
577.081
554.116
523.761
537.224
576.574
537.153
569.217
552.83
529.239
549.065
530.85
535.509
577.104
557.051
503.057
550.666
554.709
544.353
509.067
557.943
582.021
564.871
598.383
546.404
536.815
535.244
502.845
548.382
552.262
529.68
502.189
556.197
564.943
536.613
589.232
540.038
508.003
548.214
561.855
544.212
535.966
545.489
508.608
555.476
510.762
563.171
579.552
548.437
554.349
554.662
560.457
566.835
584.637
542.502
580.35
544.632
522.243
549.339
590.217
544.373
527.487
577.212
567.767
553.301
549.422
543.474
571.03
558.374
528.733
547.177
562.527
559.147
538.582
548.46
556.947
546.013
581.355
553.128
545.122
534.459
523.096
557.83
586.296
540.85
579.898
536.698
554.569
545.11
590.132
552.139
533.406
576.89
568.495
553.372
584.896
542.1
525.934
544.941
559.102
558.658
531.137
545.483
521.879
538.999
537.79
541.84
585.379
552.766
512.459
554.344
509.468
552.898
553.539
554.831
579.1
543.365
587.86
545.902
551.598
550.174
586.771
531.507
564.853
542.414
571.784
543.461
552.789
541.202
552.303
553.776
570.549
532.614
520.45
553.258
526.529
557.358
552.114
544.575
542.181
535.544
541.089
530.155
594.828
562.565
519.836
534.573
530.501
558.641
513.009
550.366
522.593
564.094
534.52
537.098
590.335
546.052
524.909
535.308
528.823
553.969
576.867
544.837
534.211
545.379
585.411
548.427
510.155
536.666
597.004
565.178
571.948
542.623
513.587
557.779
565.636
532.278
547.626
552.474
597.02
554.073
591.227
562.481
538.37
547.639
529.475
556.024
568.122
546.32
579.435
557.961
531.562
550.554
520.802
548.694
520.968
564.669
510.657
539.307
529.268
549.625
543.578
555.847
509.645
545.23
536.575
534.323
565.857
555.78
563.381
553.102
590.238
544.75
596.581
561.773
586.134
544.151
554.168
549.75
568.385
538.599
547.178
539.842
546.276
551.203
533.076
539.487
589.82
540.996
563.657
555.563
537.642
548.662
560.362
550.642
543.723
548.788
524.275
554.034
532.82
533.283
555.693
571.639
556.377
552.047
567.289
555.586
557.814
539.629
582.839
562.882
599.344
547.457
523.756
555.268
563.044
546.59
581.487
550.86
598.439
548.009
552.766
547.808
562.504
537.715
585.858
551.738
540.044
538.375
548.672
558.579
546.393
538.984
599.46
537.898
573.195
537.381
537.467
546.521
542.702
564.709
518.409
548.343
513.168
548.988
567.968
546.155
532.61
565.846
532.609
552.499
506.669
538.087
577.294
567.073
535.452
540.196
525.97
545.864
577.146
553.742
516.013
542.134
578.291
543.56
539.138
553.993
536.293
546.891
579.658
548.366
598.844
554.278
597.834
542.638
581.552
547.5
575.961
549.319
556.8
550.427
569.186
546.644
536.869
542.69
588.442
540.59
516.171
552.395
523.819
539.501
514.138
559.165
563.686
562.858
586.515
544.612
577.665
563.663
523.88
545.883
568.166
558.996
522.985
544.4
593.189
554.413
518.916
546.291
517.514
548.688
513.503
570.926
534.969
543.216
534.78
540.867
570.367
553.835
587.289
552.919
503.169
550.876
515.029
559.262
509.27
543.688
527.521
547.618
574.19
539.034
589.731
547.971
594.123
547.275
591.677
553.903
524.419
545.8
560.213
547.918
545.346
545.256
512.046
560.817
552.684
546.401
589.151
555.429
503.107
547.213
593.096
537.104
554.53
564.471
549.521
547.138
558.682
541.968
596.882
533.852
589.042
543.23
532.602
532.74
558.767
558.2
540.855
552.176
580.928
554.426
551.825
564.114
530.127
562.52
539.078
524.712
519.365
557.22
561.928
553.832
518.31
552.436
570.309
562.285
515.332
546.889
571.145
544.063
520.443
564.488
553.328
546.557
539.772
531.634
504.973
565.81
509.835
543.965
537.252
552.024
579.901
544.344
549.441
544.724
573.902
548.151
581.142
540.318
502.031
547.345
532.528
554.067
540.131
555.024
533.865
555.029
507.25
563.45
575.769
549.844
508.203
556.428
504.107
544.819
542.035
545.895
513.4
542.748
523.27
565.84
501.85
566.396
594.173
563.736
552.671
551.179
580.264
530.82
540.829
549.879
524.237
543.727
541.598
548.903
569.188
557.735
538.295
560.264
503.731
538.694
508.767
542.036
547.639
564.468
583.598
537.354
548.273
552.862
534.823
548.763
573.392
536.246
527.087
558.167
593.718
544.672
551.515
548.066
523.339
548.024
525.448
551.218
534.386
545.65
543.465
545.006
533.82
545.9
594.499
536.281
558.76
559.044
535.404
558.494
519.141
546.439
578.319
548.743
584.801
534.598
554.277
547.479
519.216
546.437
553.54
555.22
501.559
552.567
595.778
535.08
599.732
557.164
585.447
559.026
587.598
543.377
518.336
545.315
538.601
540.596
559.668
551.598
591.395
549.282
520.088
529.032
522.296
540.256
543.689
549.617
515.537
555.287
564.082
545.411
514.483
545.035
505.897
559.047
535.635
546.331
590.739
571.567
591.481
550.944
587.494
539.593
564.191
546.772
538.075
545.097
536.871
550.008
594.7
567.018
573.556
551.589
513.923
562.808
541.592
552.386
525.219
546.456
563.453
545.05
561.943
547.643
502.075
544.703
549.284
534.086
578.34
560.85
545.221
562.076
570.734
558.837
520.7
546.748
519.411
572.036
570.796
555.981
583.548
543.105
541.881
541.485
505.654
548.651
591.442
557.222
552.52
552.434
523.636
543.27
541.082
556.084
524.313
558.765
530.019
573.116
556.208
531.064
507.101
551.278
561.009
543.065
591.72
544.914
513.193
544.435
530.351
545.987
538.424
544.448
502.475
541.689
514.555
557.292
541.319
545.373
552.249
558.199
569.756
547.667
522.839
549.781
536.437
556.732
581.123
550.24
528.76
553.582
501.128
567.258
501.955
567.059
568.568
546.068
509.255
557.304
552.625
554.836
544.707
548.807
553.487
537.236
531.311
530.676
545.576
550.798
557.562
557.371
540.858
565.136
514.213
544.321
537.425
545.776
512.426
549.923
504.798
535.95
525.676
531.619
593.006
553.689
565.915
538.101
548.344
549.547
548.428
547.747
501.735
539.18
596.195
561.729
564.57
572.655
504.085
537.116
530.11
539.517
549.059
558.267
517.654
549.812
524.358
554.653
580.079
555.525
569.163
570.483
551.372
547.393
549.563
548.011
559.174
534.673
519.212
545.529
520.339
550.521
578.54
556.752
521.513
566.297
510.93
551.127
532.267
545.054
594.578
538.775
504
544.439
551.698
537.33
505.887
564.278
500.772
554.921
513.106
541.898
598.195
574.067
594.959
543.484
575.751
554.33
513.401
553.509
549.053
539.159
525.881
546.944
576.025
563.431
573.922
536.051
578.668
563.572
584.019
566.8
520.668
553.643
552.546
536.797
587.188
544.324
557.143
542.469
550.133
556.829
536.029
560.617
576.258
542.102
535.401
563.411
518.1
542.135
555.848
544.425
567.652
553.493
514.686
547.395
554.69
547.394
573.326
566.55
546.411
560.316
571.348
562.399
547.912
566.458
596.729
559.834
516.353
565.721
577.442
549.992
590.352
545.473
518.985
530.843
581.654
558.719
525.801
559.572
590.828
568.947
570.611
563.261
595.484
560.074
585.091
545.406
586.781
547.15
563.919
541.563
533.248
543.036
532.159
551.377
552.663
555.796
581.186
553.581
565.151
534.189
505.687
561.142
588.091
548.043
594.175
554.002
562.297
555.642
544.977
557.606
533.705
545.546
503.935
543.96
522.312
563.988
524.47
540.907
530.257
547.972
569.494
546.277
594.132
529.645
595.533
547.64
575.076
532.904
557.124
554.009
576.184
563.081
528.185
545.232
581.128
560.718
526.604
537.712
567.017
548.593
554.453
545.296
546.574
540.852
558.973
536.957
526.673
577.501
586.669
545.111
531.04
530.3
570.875
565.264
578.156
575.605
506.164
532.765
542.488
543.481
535.966
568.338
517.804
553.069
502.774
553.549
538.136
538.74
503.238
558.365
590.886
562.999
567.11
566.695
503.831
552.705
524.748
539.867
529.794
560.498
589.599
544.25
537.035
548.004
544.899
546.114
550.853
539.97
571
551.118
504.787
540.573
542.873
560.589
553.201
551.887
590.848
550.189
531.832
548.698
529.81
546.514
535.055
573.316
525.173
544.221
587.838
549.411
587.799
549.02
594.06
548.418
566.095
534.062
545.044
545.758
595.979
546.119
521.466
542.673
567.727
558.969
536.503
539.772
550.495
542.653
556.643
547.315
586.834
542.358
557.91
552.885
504.917
545.698
511.967
549.074
549.296
566.426
533.274
538.403
547.11
549.924
557.212
552.848
596.666
567.393
566.959
552.147
599.146
548.654
531.719
545.649
590.254
541.328
577.166
551.536
540.461
549.264
529.229
545.149
555.942
530.071
573.372
556.153
521.357
548.293
582.08
547.867
532.275
539.318
581.292
556.869
513.614
541.737
536.888
555.815
512.542
557.538
573.629
546.698
586.29
537.564
575.711
550.603
514.529
539.843
576.2
546.944
500.57
563.996
504.868
542.038
543.276
538.894
577.702
539.391
563.627
557.698
539.341
566.1
581.319
556.429
522.605
541.255
580.063
540.194
596.76
548.105
587.401
560.787
584.348
547.443
525.078
534.589
599.325
543.602
520.871
551.414
518.459
541.983
560.293
554.202
578.539
540.742
596.013
567.034
533.288
553.499
510.351
536.114
582.791
552.448
540.621
547.941
502.551
547.255
513.118
568.923
559.617
548.544
506.251
539.897
517.219
557.729
563.361
548.026
536.096
553.579
576.56
552.015
574.715
526.794
502.605
542.019
509.562
541.985
561.014
558.581
556.808
542.295
569.239
526.301
575.53
554.913
565.232
534.02
542.305
563.45
532.304
563.704
594.066
543.893
510.783
558.575
557.783
551.267
519.056
541.599
513.043
546.381
533.971
551.868
546.629
544.857
506.615
560.133
535.673
554.77
574.688
520.331
529.569
541.972
559.627
545.907
516.606
540.824
596.228
524.378
580.419
564.161
597.691
553.06
531.142
535.003
565.517
554.193
597.789
549.006
584.065
535.442
562.681
560.782
523.591
560.763
523.861
550.102
518.801
556.085
558.358
556.056
556.936
539.102
593.456
549.737
525.739
529.954
572.971
532.84
580.816
547.441
522.697
555.154
520.066
542.977
590.484
551.676
534.007
534.407
503.946
545.663
598.915
562.589
523.053
566.98
509.099
560.941
595.91
552.843
568.606
534.593
545.091
555.164
582.465
558.225
507.466
561.398
547.169
561.298
582.535
555.052
583.618
548.019
597.16
549.187
530.97
535.358
545.477
553.76
597.578
541.843
531.824
559.228
579.671
524.006
513.485
560.604
558.028
563.243
541.798
547.219
560.783
546.001
558.322
535.608
531.917
549.59
551.468
561.168
567.652
549.609
501.588
534.458
570.652
568.366
589.289
550.354
509.516
547.04
556.964
557.28
536.929
539.939
561.535
557.968
530.376
564.676
591.233
545.168
535.076
546.928
589.595
534.032
526.491
553.257
546.301
542.62
544.147
547.429
589.229
536.499
539.115
546.591
561.682
550.758
540.097
540.447
536.764
540.357
597.157
547.236
519.634
538
532.753
547.617
510.278
552.278
576.812
553.81
518.534
540.218
590.963
548.827
536.951
553.439
591.415
554.93
585.124
542.868
544.325
563.777
525.187
551.183
562.254
556.789
592.393
563.654
581.814
551.607
526.692
567.271
587.317
548.756
559.283
537.238
591.139
559.818
574.063
559.147
567.379
535.483
599.663
562.141
543.06
546.547
559.958
546.794
576.699
548.617
508.147
550.393
504.063
553.276
564.269
569.226
566.307
557.213
528.739
568.167
537.293
542.289
566.51
565.953
535.984
562.573
536.903
557.576
581.439
565.916
516.834
553.555
515.107
549.319
562.828
537.119
536.319
550.597
596.275
551.98
593.707
545.701
533.318
558.25
541.271
544.15
553.876
563.223
594.067
556.254
566.314
538.023
574.376
544.932
507.825
561.292
586.275
541.452
566.226
520.967
500.884
544.498
513.575
558.2
540.169
561.002
568.472
534.296
521.195
541.141
544.583
546.441
550.415
549.97
553.873
541.421
529.955
524.351
506.089
547.638
519.993
547.808
522.203
554.067
512.179
540.153
537.568
540.775
506.525
564.38
532.908
539.287
531.812
554.386
588.438
535.625
596.045
550.708
513.768
556.691
583.589
553.982
554.596
544.274
586.132
540.987
545.102
566.789
562.852
548.256
594.592
548.051
596.568
549.204
545.065
537.46
585.508
546.555
590.367
550.822
559.629
558.397
586.007
556.502
533.493
566.402
523.208
543.706
561.297
542.78
532.438
547.213
550.797
546.924
562.106
560.458
586.247
557.737
535.851
545.167
539.974
541.611
510.466
569.475
587.33
549.045
533.687
560.221
593.265
534.065
509.778
547.748
533.171
538.738
534.743
542.734
563.506
558.257
545.344
542.784
501.07
536.16
565.224
552.899
524.881
535.285
537.897
551.783
590.009
542.134
531.639
562.931
583.454
545.728
562.267
542.997
583.167
539.583
505.753
538.86
568.414
554.768
538.323
560.254
558.276
548.169
501.476
552.565
538.802
565.226
547.172
557.197
524.301
545.252
511.051
548.605
531.42
534.339
593.837
549.159
547.862
553.349
531.625
560.785
518.997
541.442
509.616
569.189
555.275
547.524
536.465
543.953
586.329
554.876
594.727
533.248
548.089
543.343
548.773
555.535
515.557
532.225
