9.99312
0.987205
3.32144
8.82931
2.21362
4.72701
9.02592
6.40597
5.04298
6.37082
6.53573
5.7759
3.64426
6.93887
4.9254
1.04752
4.67309
4.18361
1.92076
1.72036
0.124239
3.7866
1.37709
8.76538
5.27815
8.03676
5.82274
4.80484
5.16335
1.21067
3.47061
0.601766
0.277464
5.70592
6.25623
5.63405
6.16817
0.483657
6.0599
0.536489
0.68861
4.82651
1.61033
3.39205
0.38612
0.680069
5.08562
0.381286
3.4262
7.94324
2.07233
4.42112
0.780834
4.23334
5.97131
1.07082
4.47347
0.191878
3.60716
4.84811
1.2123
4.87587
6.37753
4.01509
0.965723
4.58479
5.57427
5.90562
6.05211
4.69027
0.426209
3.82527
0.456777
4.44856
4.6682
4.34684
6.68873
5.55373
9.51544
4.04435
7.20775
0.781452
6.40418
7.19632
4.17609
5.53689
3.8829
0.195774
5.48098
5.20322
4.80646
6.24374
0.813474
0.177821
3.60273
0.631974
2.55921
4.1129
4.46944
5.39875
5.68257
4.42569
5.13593
6.19051
5.66809
5.96301
0.462533
0.641378
0.247827
7.09535
0.660612
3.64516
1.1887
0.793481
5.81503
5.95886
1.33019
4.4474
9.16697
7.63686
0.70125
4.72398
4.07183
8.06779
1.16484
5.9198
5.54271
9.59045
4.47285
6.94212
9.86532
5.05174
2.91643
5.64582
5.25405
2.97192
1.33883
4.50154
0.855296
9.91379
0.632851
5.72851
0.113223
4.16908
7.17697
3.33532
5.46312
2.37229
4.29652
5.90639
7.38734
5.71339
0.376017
0.626119
4.69405
6.69178
4.65279
8.75851
9.52385
3.79424
1.51639
3.85526
5.74183
5.94171
5.46145
0.485852
6.58972
6.33591
2.52959
3.05147
9.09367
4.37143
3.80549
0.000962059
7.64527
0.0145665
1.01804
0.0465937
5.43983
6.29168
5.48572
9.19413
4.79621
4.9842
4.5934
6.16176
5.27832
5.94202
8.95647
0.0955158
3.29154
7.6538
3.498
3.67676
3.51345
8.71845
7.39873
6.48031
5.03254
4.28244
1.70291
0.347046
3.40302
0.0792323
2.53308
4.13546
4.55489
4.06748
4.4698
0.605204
6.94887
1.00792
3.32041
1.09372
8.62567
5.92903
0.723372
2.89248
4.22754
4.03651
6.26354
3.26345
6.01864
4.81481
0.608801
0.873912
5.93249
6.21965
9.4973
6.04182
5.14322
5.9281
8.98423
5.38902
6.62618
8.26276
5.77806
5.85975
5.26767
8.93948
0.987345
3.79801
8.91623
0.548736
5.52012
9.01291
9.62808
0.318039
4.82609
5.9274
5.12039
5.32078
6.00464
4.59937
5.24416
0.329496
5.64141
4.1552
1.90249
0.00863737
4.78799
1.33478
0.0896397
8.1129
6.36019
4.49499
4.33766
6.54352
4.45562
1.32991
5.26125
0.715398
3.66251
4.7381
8.68254
8.59297
0.333626
5.47704
4.89716
5.55406
0.699428
5.68674
0.726965
5.73772
3.08486
4.11765
5.34024
5.85103
5.12633
0.0780779
1.23768
9.77277
5.24072
5.63814
5.36851
4.9
3.76495
4.21096
7.83962
6.63521
5.39433
0.100069
0.0483615
6.05397
3.09729
6.34481
9.99927
6.45087
4.72691
7.13283
5.54209
8.09722
0.245401
6.36379
4.08166
0.152829
6.67681
7.27842
3.87137
0.3786
1.94588
0.884796
4.23813
4.99417
7.01076
0.170828
0.605149
5.24975
7.22433
1.55163
2.45011
9.91912
2.96944
7.9492
7.38431
3.56548
0.137525
6.11244
1.36899
4.86411
0.0866111
5.87186
7.02931
6.96701
4.70734
5.02834
6.71844
3.80393
6.05984
4.38594
7.14889
8.80002
5.12931
6.14274
4.09568
5.70733
0.193448
0.913208
7.85813
6.22654
9.10981
4.41207
0.710236
4.46481
4.62538
4.29209
3.25535
3.27186
8.97001
6.93843
9.2518
9.99262
8.82855
2.74629
0.0261685
4.49613
5.88095
4.79269
0.0843626
7.21791
0.541328
0.44432
7.92377
4.50318
8.16174
5.12461
6.53141
7.04933
5.002
0.238683
0.233081
8.04935
0.83416
4.71373
0.300014
3.30422
8.57421
4.85461
5.18622
6.90322
5.69118
3.58899
0.203477
2.83035
6.16814
5.85988
5.43259
0.846331
6.85123
5.82079
7.47004
6.99909
0.320191
0.307798
7.92735
6.51968
0.31578
7.44434
6.66934
5.95678
2.30954
4.59322
8.63598
5.81854
4.58234
7.89136
5.24636
0.123513
6.59922
3.87421
5.45639
1.81842
5.67723
5.2271
6.9186
9.1234
4.24175
9.90936
6.41932
4.51743
4.20506
0.644721
4.99996
7.23527
8.32603
7.15273
4.503
3.11513
5.81482
6.59495
5.82549
4.83538
7.25445
5.53973
4.57004
5.13015
4.01393
5.76024
8.3161
3.2407
0.628888
9.20269
6.04661
4.48929
5.58937
4.03067
2.43238
3.50701
6.14152
0.201911
4.77011
0.375295
0.634698
9.82099
3.94154
6.57773
8.12036
4.20707
7.06537
3.89899
3.10048
4.0251
6.47175
5.32559
4.75239
5.87698
3.74644
7.46587
7.22453
0.95346
3.69994
8.88491
0.457767
2.19301
7.54473
3.97249
9.61857
0.131417
7.18476
4.90897
4.75232
9.15703
9.07881
5.93509
7.54689
4.5602
3.7779
0.258499
4.53956
1.81397
3.87513
5.1008
3.66084
7.96193
4.75596
2.92811
9.26217
8.21763
2.06053
3.74281
3.36793
0.795937
0.481819
1.34975
3.58153
7.67744
4.17637
6.78972
1.48441
9.6576
7.82499
0.550075
3.93597
5.1346
5.99804
5.67759
3.99588
0.361984
1.48448
6.19151
6.40636
6.60167
2.6611
5.83942
7.88009
4.02079
4.99385
4.82903
3.63502
5.5406
0.0797411
5.89694
4.40924
2.25222
9.68523
3.56538
4.78216
6.44118
7.94627
0.191639
4.39598
2.06821
4.72187
1.00532
0.424441
4.13322
0.0962804
3.75757
4.99196
4.67969
7.75471
4.55832
4.79738
4.20753
7.86846
6.33979
0.54379
4.21821
7.33609
7.15894
8.6398
2.66531
5.65065
4.77473
0.332495
6.71204
0.176943
6.0734
8.70795
6.06925
6.68181
1.35586
0.0270396
7.34066
8.35205
2.55964
1.31715
6.33196
1.00402
9.75107
9.57146
5.76605
0.0750385
6.53279
3.9585
4.86433
6.36237
5.20648
3.39362
4.32165
9.52971
4.0144
4.91511
7.35439
9.24358
2.97518
4.68898
4.45322
4.10232
1.52368
5.10576
2.90893
5.10154
7.66568
2.53252
0.928986
1.83553
0.59384
6.4445
0.940579
4.6778
5.07371
7.77408
0.0682983
5.06005
3.66412
6.79105
7.68129
6.35909
0.439418
3.51768
5.63387
5.22812
6.16009
5.68069
2.17562
9.32012
9.20229
3.42353
1.12408
3.62085
9.614
5.20926
7.3573
0.812461
4.58383
5.44878
1.23471
3.855
5.4397
7.28764
1.26243
0.123974
3.57275
0.658726
3.16354
7.71216
4.04487
7.97941
4.27951
7.81201
5.70477
2.39171
4.97798
3.44255
0.451361
8.60315
0.63225
3.90396
0.298578
5.667
6.01057
3.79703
4.06918
3.62942
5.03541
0.477531
4.75863
3.74985
6.137
7.80964
4.18787
7.46935
4.60584
4.96789
4.77459
3.12503
5.29707
0.249574
9.06287
6.63461
0.179734
4.80383
0.224892
5.16879
9.08343
5.52337
4.97695
6.05239
1.26207
5.12437
5.82653
0.887176
8.85816
1.27113
5.28164
7.43197
0.530276
5.89351
6.85873
5.76925
0.0366755
1.5816
5.62945
0.159379
5.90636
5.90781
5.86463
4.20835
5.79584
5.60969
9.11909
9.81113
0.482212
0.303089
4.38687
8.82642
6.12657
4.62326
0.189545
6.4409
5.91097
1.67273
4.2217
8.95173
0.11801
8.62436
7.38511
5.80371
7.63373
5.73395
4.54279
3.5532
3.9204
3.28585
2.35988
0.109814
5.73198
6.15401
5.52409
0.659866
4.5427
8.40004
0.626219
4.25416
3.00101
6.70042
5.83827
0.108894
4.7633
8.28532
6.09475
5.5766
5.26859
5.58271
6.29511
5.66127
4.60545
5.48864
2.88626
6.98077
2.12885
4.52937
7.71309
1.51826
4.94862
0.667936
5.27498
3.02933
1.61013
5.11757
7.43625
4.89054
5.1494
5.82672
9.97278
1.16013
0.597069
0.305871
5.54169
3.6345
7.91861
6.95911
4.40981
4.95429
4.54204
5.59288
5.1986
9.05338
8.17879
6.07181
4.08712
5.94902
1.43912
5.50815
4.31393
7.13167
6.49894
6.08793
4.00383
7.09243
6.46566
0.208035
4.97661
5.50405
3.17136
6.90445
2.33047
8.11579
2.97343
1.33507
0.048974
7.45967
5.5309
7.48833
0.775578
7.69347
6.13039
0.441259
0.0832785
6.7346
0.123138
4.83913
0.377361
6.65287
7.69208
7.78779
7.83376
7.69018
4.57684
8.09412
5.08873
0.242862
5.3461
5.18291
6.6762
3.4611
0.171175
4.22217
3.31741
6.96144
4.8537
5.97987
4.78232
4.55282
4.36009
0.163883
0.432649
4.19291
0.736767
9.25477
7.01045
3.72822
9.11655
0.488071
0.504806
3.57156
3.78767
7.5132
4.94408
5.49621
9.54139
6.87238
1.45089
4.56524
5.22459
1.75795
5.96767
3.27301
1.1783
4.21561
0.986678
6.9216
0.388794
5.64144
2.18777
5.27913
7.58929
8.57232
7.10894
4.70199
5.62914
1.20069
4.6369
3.58949
5.8449
6.23249
5.24776
4.97249
6.98619
9.6674
3.71154
5.43947
6.53247
6.81111
0.313771
5.10369
0.0364709
6.75272
5.98623
9.14902
4.90686
3.95584
4.71196
4.41006
9.90295
5.40724
6.75614
9.2952
4.74345
0.455033
9.49009
0.626459
5.58978
1.3786
1.71803
0.0578608
4.01961
3.83534
6.22823
4.02531
0.0844644
0.707548
5.3193
6.32025
7.58129
0.749894
0.225532
4.2688
2.54615
4.65549
7.68752
4.55381
0.322502
3.63092
4.77181
6.38505
6.02739
9.57193
3.67835
6.93693
0.230567
6.42104
3.53708
0.443899
8.60303
6.42686
0.486612
6.21682
1.6693
9.13895
6.4459
6.36816
4.87037
0.409744
5.71844
0.381541
6.26788
4.99998
6.44686
7.55265
0.143448
0.444145
5.75326
9.0665
4.7389
7.5362
0.395344
6.20343
7.43074
7.08319
6.18621
4.28089
5.63052
4.94936
4.05485
3.93005
5.38804
0.470691
3.24455
